(106414464.0, 13474.0, 3203.0) : 45652 0.285223389168
(108079383.0, 6926.0, 2119.0) : 18767 0.117251978982
(104460040.0, 3718.0, 2202.0) : 18421 0.115090249099
(1089520383.0, 28840.0, 9909.0) : 15337 0.0958221133721
(105100050.0, 13791.0, 4401.0) : 15008 0.0937665956503
(1087744888.0, 64486.0, 6202.0) : 9056 0.0565798434308
(104610040.0, 15889.0, 5616.0) : 7293 0.0455650174625
(107120272.0, 5072.0, 5558.0) : 6974 0.043571977483
(107127979.0, 6732.0, 9909.0) : 6810 0.0425473425092
(104460040.0, 7668.0, 1726.0) : 6323 0.039504676459
(107717272.0, 102504.0, 5619.0) : 4616 0.0288397258477
(104460040.0, 7668.0, 1703.0) : 4160 0.0259907407986
(103320030.0, 875.0, 3509.0) : 1418 0.00885934385875
(104460040.0, 7668.0, 3504.0) : 222 0.00138700587916

all other combinations of (company, brand, category) have count of 0.